0	0	"Kris"						0  1  0  0  1   -1  0   0   6   0   8   0   11  0   12  2   13  0   14  2   -1  0   -1  0   -1  0   -1  0   -1  0   
0	1	"Short Sword"					0  1  0  0  1   -1  0   0   6   0   8   0   11  0   12  2   -1  0   -1  0   -1  0   -1  0   -1  0   -1  0   -1  0   
0	2	"Rapier"					0  1  0  0  1   -1  0   0   6   0   8   0   11  0   12  2   13  0   14  2   -1  0   -1  0   -1  0   -1  0   -1  0   
0	3	"Katana"					0  1  0  0  1   -1  0   0   6   0   8   0   11  0   12  2   13  0   14  2   -1  0   -1  0   -1  0   -1  0   -1  0   
0	4	"Sword of Assassin"				0  1  0  0  1   -1  0   0   6   0   8   0   11  0   12  2   13  0   14  2   -1  0   -1  0   -1  0   -1  0   -1  0   
0	5	"Blade"						0  1  0  0  1   -1  0   0   6   0   8   0   11  0   12  2   13  0   14  2   -1  0   -1  0   -1  0   -1  0   -1  0   
0	6	"Gladius"					0  1  0  0  1   -1  0   0   6   0   8   0   11  0   12  2   -1  0   -1  0   -1  0   -1  0   -1  0   -1  0   -1  0   
0	7	"Falchion"					0  1  0  0  1   -1  0   0   6   0   8   0   11  0   12  2   -1  0   -1  0   -1  0   -1  0   -1  0   -1  0   -1  0   
0	8	"Serpent Sword"					0  1  0  0  1   -1  0   0   6   0   8   0   11  0   12  2   -1  0   -1  0   -1  0   -1  0   -1  0   -1  0   -1  0   
0	9	"Sword of Salamander"				0  1  0  0  1   -1  1   0   6   0   8   0   11  0   12  2   -1  0   -1  0   -1  0   -1  0   -1  0   -1  0   -1  0   
0	10	"Light Saber"					0  1  0  0  1   -1  1   0   6   0   8   0   11  0   12  2   13  0   14  2   -1  0   -1  0   -1  0   -1  0   -1  0   
0	11	"Legendary Sword"				0  1  0  0  1   -1  1   0   6   0   8   0   11  0   12  2   13  0   -1  0   -1  0   -1  0   -1  0   -1  0   -1  0   
0	13	"Double Blade"					0  1  0  0  1   -1  0   0   6   0   8   0   11  0   12  2   13  0   14  2   -1  0   -1  0   -1  0   -1  0   -1  0   
0	12	"Heliacal Sword"				0  1  0  0  1   -1  1   0   6   0   8   0   11  0   12  2   13  0   -1  0   -1  0   -1  0   -1  0   -1  0   -1  0   
0	14	"Lighting Sword"				0  1  0  0  1   -1  0   0   6   0   8   0   11  0   12  2   13  0   14  2   -1  0   -1  0   -1  0   -1  0   -1  0   
0	15	"Giant Sword"					0  1  0  0  1   -1  1   0   6   0   8   0   11  0   12  2   13  0   -1  0   -1  0   -1  0   -1  0   -1  0   -1  0   
0	16	"Sword of Destruction"				0  1  0  0  1   -1  0   0   6   0   8   0   11  0   12  2   13  0   14  2   -1  0   -1  0   -1  0   -1  0   -1  0   
0	17	"Dark Breaker"					0  1  0  0  1   -1  1   0   6   0   8   0   11  0   12  2   13  0   14  2   -1  0   -1  0   -1  0   -1  0   -1  0   
0	18	"Thunder Blade"					0  1  0  0  1   -1  1   0   6   0   8   0   11  0   12  2   13  0   14  2   -1  0   -1  0   -1  0   -1  0   -1  0   
0	19	"Divine Sword of the Archangel"			6  1  0  0  1   -1  0   1   6   0   8   0   11  0   12  2   13  0   14  2   -1  0   -1  0   -1  0   -1  0   -1  0   
0	31	"Rune Blade"					0  1  0  0  1   -1  1   0   6   0   8   0   11  0   12  2   13  0   14  2   17  0   18  2   22  257 -1  0   -1  0   
0	20	"Knight's Blade"				0  1  0  0  1   -1  0   0   6   0   8   0   11  0   12  2   13  0   14  2   -1  0   -1  0   -1  0   -1  0   -1  0   
0	21	"Dark Reign Blade"				0  1  0  0  1   -1  1   0   6   0   8   0   11  0   12  2   13  0   14  2   17  0   18  2   22  257 -1  0   -1  0   
0	22	"Bone Blade"					0  1  0  0  1   -1  0   0   6   0   8   0   9   0   10  2   11  0   12  2   13  0   14  2   -1  0   -1  0   -1  0   
0	23	"Explosive Blade"				0  1  0  0  1   -1  1   0   6   0   8   0   9   0   10  2   11  0   12  2   13  0   14  2   17  0   18  2   22  257 
0	24	"Daybreak"					0  1  0  0  1   -1  1   0   6   0   8   0   11  0   12  2   13  0   14  2   -1  0   -1  0   -1  0   -1  0   -1  0   
0	25	"Sword Dancer"					0  1  0  0  1   -1  1   0   6   0   8   0   11  0   12  2   13  0   14  2   17  0   18  2   22  257 -1  0   -1  0
1	0	"Small Axe"					0  1  0  0  1   -1  0   0   6   0   8   0   11  0   12  2   -1  0   -1  0   -1  0   -1  0   -1  0   -1  0   -1  0   
1	1	"Hand Axe"					0  1  0  0  1   -1  0   0   6   0   8   0   11  0   12  2   -1  0   -1  0   -1  0   -1  0   -1  0   -1  0   -1  0   
1	2	"Double Axe"					0  1  0  0  1   -1  0   0   6   0   8   0   11  0   12  2   -1  0   -1  0   -1  0   -1  0   -1  0   -1  0   -1  0   
1	3	"Tomahawk"					0  1  0  0  1   -1  0   0   6   0   8   0   11  0   12  2   -1  0   -1  0   -1  0   -1  0   -1  0   -1  0   -1  0   
1	4	"Elven Axe"					0  1  0  0  1   -1  0   0   6   0   8   0   11  0   12  2   13  0   14  2   -1  0   -1  0   -1  0   -1  0   -1  0   
1	5	"Battle Axe"					0  1  0  0  1   -1  1   0   6   0   8   0   11  0   12  2   -1  0   -1  0   -1  0   -1  0   -1  0   -1  0   -1  0   
1	6	"Nikea Axe"					0  1  0  0  1   -1  1   0   6   0   8   0   11  0   12  2   -1  0   -1  0   -1  0   -1  0   -1  0   -1  0   -1  0   
1	7	"Larkan Axe"					0  1  0  0  1   -1  1   0   6   0   8   0   11  0   12  2   -1  0   -1  0   -1  0   -1  0   -1  0   -1  0   -1  0   
1	8	"Crescent Axe"					0  1  0  0  1   -1  1   0   6   0   8   0   11  0   12  2   13  0   14  2   -1  0   -1  0   -1  0   -1  0   -1  0   
2	0	"Mace"						0  1  0  0  1   -1  0   0   6   0   8   0   11  0   12  2   -1  0   -1  0   -1  0   -1  0   -1  0   -1  0   -1  0   
2	1	"Morning Star"					0  1  0  0  1   -1  0   0   6   0   8   0   11  0   12  2   -1  0   -1  0   -1  0   -1  0   -1  0   -1  0   -1  0   
2	2	"Flail"						0  1  0  0  1   -1  0   0   6   0   8   0   11  0   12  2   13  0   14  2   -1  0   -1  0   -1  0   -1  0   -1  0   
2	3	"Great Hammer"					0  1  0  0  1   -1  0   0   6   0   8   0   11  0   12  2   -1  0   -1  0   -1  0   -1  0   -1  0   -1  0   -1  0   
2	4	"Crystal Morning Star"				0  1  0  0  1   -1  1   0   6   0   8   0   11  0   12  2   -1  0   -1  0   -1  0   -1  0   -1  0   -1  0   -1  0   
2	5	"Crystal Sword"					0  1  0  0  1   -1  1   0   6   0   8   0   11  0   12  2   13  0   14  2   -1  0   -1  0   -1  0   -1  0   -1  0   
2	6	"Chaos Dragon Axe"				0  1  0  0  1   -1  1   0   6   0   8   0   11  0   12  2   13  0   14  2   -1  0   -1  0   -1  0   -1  0   -1  0   
2	7	"Elemental Mace"				0  1  0  0  1   -1  0   0   6   0   8   0   11  0   12  2   13  0   14  2   -1  0   -1  0   -1  0   -1  0   -1  0   
2	8	"Battle Scepter"				0  1  0  0  1   -1  0   0   6   0   8   0   11  0   12  2   13  0   14  2   21  257 -1  0   -1  0   -1  0   -1  0   
2	9	"Master Scepter"				0  1  0  0  1   -1  0   0   6   0   8   0   11  0   12  2   13  0   14  2   21  257 -1  0   -1  0   -1  0   -1  0   
2	10	"Great Scepter"					0  1  0  0  1   -1  0   0   6   0   8   0   11  0   12  2   13  0   14  2   21  257 -1  0   -1  0   -1  0   -1  0   
2	11	"Lord's Scepter"				0  1  0  0  1   -1  0   0   6   0   8   0   11  0   12  2   13  0   14  2   21  257 -1  0   -1  0   -1  0   -1  0   
2	12	"Great Lord's Scepter"				0  1  0  0  1   -1  0   0   6   0   8   0   11  0   12  2   13  0   14  2   21  257 -1  0   -1  0   -1  0   -1  0   
2	13	"Divine Scepter of the Archangel"		6  1  0  0  1   -1  0   1   6   0   8   0   11  0   12  2   13  0   14  2   21  257 -1  0   -1  0   -1  0   -1  0   
2	14	"Soleil Scepter"				0  1  0  0  1   -1  0   0   6   0   8   0   9   0   10  2   11  0   12  2   13  0   14  2   21  257 -1  0   -1  0   
2	15	"Shining Scepter"				0  1  0  0  1   -1  0   0   6   0   8   0   11  0   12  2   13  0   14  2   21  257 -1  0   -1  0   -1  0   -1  0  
3	0	"Light Spear"					0  1  0  0  1   -1  1   0   6   0   8   0   11  0   12  2   13  0   14  2   -1  0   -1  0   -1  0   -1  0   -1  0   
3	1	"Spear"						0  1  0  0  1   -1  1   0   6   0   8   0   11  0   12  2   13  0   14  2   -1  0   -1  0   -1  0   -1  0   -1  0   
3	2	"Dragon Lance"					0  1  0  0  1   -1  1   0   6   0   8   0   11  0   12  2   13  0   14  2   -1  0   -1  0   -1  0   -1  0   -1  0   
3	3	"Giant Trident"					0  1  0  0  1   -1  1   0   6   0   8   0   11  0   12  2   13  0   14  2   -1  0   -1  0   -1  0   -1  0   -1  0   
3	4	"Serpent Spear"					0  1  0  0  1   -1  1   0   6   0   8   0   11  0   12  2   13  0   14  2   -1  0   -1  0   -1  0   -1  0   -1  0   
3	5	"Double Poleaxe"				0  1  0  0  1   -1  1   0   6   0   8   0   11  0   12  2   13  0   14  2   -1  0   -1  0   -1  0   -1  0   -1  0   
3	6	"Halberd"					0  1  0  0  1   -1  1   0   6   0   8   0   11  0   12  2   13  0   14  2   -1  0   -1  0   -1  0   -1  0   -1  0   
3	7	"Berdysh"					0  1  0  0  1   -1  1   0   6   0   8   0   11  0   12  2   13  0   14  2   -1  0   -1  0   -1  0   -1  0   -1  0   
3	8	"Great Scythe"					0  1  0  0  1   -1  1   0   6   0   8   0   11  0   12  2   13  0   14  2   -1  0   -1  0   -1  0   -1  0   -1  0   
3	9	"Bill of Balrog"				0  1  0  0  1   -1  1   0   6   0   8   0   11  0   12  2   13  0   14  2   -1  0   -1  0   -1  0   -1  0   -1  0   
3	10	"Dragon Spear"					0  1  0  0  1   -1  1   0   6   0   8   0   11  0   12  2   13  0   14  2   -1  0   -1  0   -1  0   -1  0   -1  0 
4	0	"Short Bow"					0  1  0  0  1   -1  1   0   6   0   8   0   13  0   14  2   -1  0   -1  0   -1  0   -1  0   -1  0   -1  0   -1  0   
4	1	"Bow"						0  1  0  0  1   -1  1   0   6   0   8   0   13  0   14  2   -1  0   -1  0   -1  0   -1  0   -1  0   -1  0   -1  0   
4	2	"Elven Bow"					0  1  0  0  1   -1  1   0   6   0   8   0   11  0   12  2   13  0   14  2   -1  0   -1  0   -1  0   -1  0   -1  0   
4	3	"Battle Bow"					0  1  0  0  1   -1  1   0   6   0   8   0   11  0   12  2   13  0   14  2   -1  0   -1  0   -1  0   -1  0   -1  0   
4	4	"Tiger Bow"					0  1  0  0  1   -1  1   0   6   0   8   0   11  0   12  2   13  0   14  2   -1  0   -1  0   -1  0   -1  0   -1  0   
4	5	"Silver Bow"					0  1  0  0  1   -1  1   0   6   0   8   0   11  0   12  2   13  0   14  2   -1  0   -1  0   -1  0   -1  0   -1  0   
4	6	"Chaos Nature Bow"				0  1  0  0  1   -1  1   0   6   0   8   0   11  0   12  2   13  0   14  2   -1  0   -1  0   -1  0   -1  0   -1  0   
4	7	"Bolt"						0  1  0  0  1   80  -1  0   -1  0   -1  0   -1  0   -1  0   -1  0   -1  0   -1  0   -1  0   -1  0   -1  0   -1  0   
4	8	"Crossbow"					0  1  0  0  1   -1  1   0   6   0   8   0   11  0   12  2   13  0   14  2   -1  0   -1  0   -1  0   -1  0   -1  0   
4	9	"Golden Crossbow"				0  1  0  0  1   -1  1   0   6   0   8   0   11  0   12  2   13  0   14  2   -1  0   -1  0   -1  0   -1  0   -1  0   
4	10	"Arquebus"					0  1  0  0  1   -1  1   0   6   0   8   0   11  0   12  2   13  0   14  2   -1  0   -1  0   -1  0   -1  0   -1  0   
4	11	"Light Crossbow"				0  1  0  0  1   -1  1   0   6   0   8   0   11  0   12  2   13  0   14  2   -1  0   -1  0   -1  0   -1  0   -1  0   
4	12	"Serpent Crossbow"				0  1  0  0  1   -1  1   0   6   0   8   0   11  0   12  2   13  0   14  2   -1  0   -1  0   -1  0   -1  0   -1  0   
4	13	"Bluewing Crossbow"				0  1  0  0  1   -1  1   0   6   0   8   0   11  0   12  2   13  0   14  2   -1  0   -1  0   -1  0   -1  0   -1  0   
4	14	"Aquagold Crossbow"				0  1  0  0  1   -1  1   0   6   0   8   0   11  0   12  2   13  0   14  2   -1  0   -1  0   -1  0   -1  0   -1  0   
4	15	"Arrow"						0  1  0  0  1   84  -1  0   -1  0   -1  0   -1  0   -1  0   -1  0   -1  0   -1  0   -1  0   -1  0   -1  0   -1  0   
4	16	"Saint's Crossbow"				0  1  0  0  1   -1  1   0   6   0   8   0   11  0   12  2   13  0   14  2   -1  0   -1  0   -1  0   -1  0   -1  0   
4	17	"Celestial Bow"					0  1  0  0  1   -1  1   0   6   0   8   0   11  0   12  2   13  0   14  2   -1  0   -1  0   -1  0   -1  0   -1  0   
4	18	"Divine Crossbow of the Archangel"		6  1  0  0  1   -1  1   1   6   0   8   0   11  0   12  2   13  0   14  2   -1  0   -1  0   -1  0   -1  0   -1  0   
4	19	"Great Reign Crossbow"				0  1  0  0  1   -1  1   0   6   0   8   0   11  0   12  2   13  0   14  2   -1  0   -1  0   -1  0   -1  0   -1  0   
4	20	"Arrow Viper Bow"				0  1  0  0  1   -1  1   0   6   0   8   0   11  0   12  2   13  0   14  2   -1  0   -1  0   -1  0   -1  0   -1  0   
4	21	"Sylph Wind Bow"				0  1  0  0  1   -1  1   0   6   0   8   0   9   0   10  2   11  0   12  2   13  0   14  2   -1  0   -1  0   -1  0   
5	0	"Skull Staff"					0  1  0  0  1   -1  0   0   6   0   8   0   11  0   12  2   22  257 -1  0   -1  0   -1  0   -1  0   -1  0   -1  0   
5	1	"Angelic Staff"					0  1  0  0  1   -1  1   0   6   0   8   0   11  0   12  2   22  257 -1  0   -1  0   -1  0   -1  0   -1  0   -1  0   
5	2	"Serpent Staff"					0  1  0  0  1   -1  1   0   6   0   8   0   11  0   12  2   22  257 -1  0   -1  0   -1  0   -1  0   -1  0   -1  0   
5	3	"Thunder Staff"					0  1  0  0  1   -1  1   0   6   0   8   0   11  0   12  2   13  0   14  2   22  257 -1  0   -1  0   -1  0   -1  0   
5	4	"Gorgon Staff"					0  1  0  0  1   -1  1   0   6   0   8   0   11  0   12  2   22  257 -1  0   -1  0   -1  0   -1  0   -1  0   -1  0   
5	5	"Legendary Staff"				0  1  0  0  1   -1  0   0   6   0   8   0   11  0   12  2   22  257 -1  0   -1  0   -1  0   -1  0   -1  0   -1  0   
5	6	"Staff of Resurrection"				0  1  0  0  1   -1  0   0   6   0   8   0   11  0   12  2   13  0   14  2   22  257 -1  0   -1  0   -1  0   -1  0   
5	7	"Chaos Lighting Staff"				0  1  0  0  1   -1  1   0   6   0   8   0   11  0   12  2   13  0   14  2   22  257 -1  0   -1  0   -1  0   -1  0   
5	8	"Staff of Destruction"				0  1  0  0  1   -1  1   0   6   0   8   0   11  0   12  2   13  0   14  2   22  257 -1  0   -1  0   -1  0   -1  0   
5	9	"Dragon Soul Staff"				0  1  0  0  1   -1  0   0   6   0   8   0   11  0   12  2   13  0   14  2   22  257 -1  0   -1  0   -1  0   -1  0   
5	10	"Divine Staff of the Archangel"			6  1  0  0  1   -1  0   1   6   0   8   0   11  0   12  2   13  0   14  2   22  257 -1  0   -1  0   -1  0   -1  0   
5	11	"Staff of Kundun"				0  1  0  0  1   -1  0   0   6   0   8   0   11  0   12  2   13  0   14  2   22  257 -1  0   -1  0   -1  0   -1  0   
5	12	"Grand Viper Staff"				0  1  0  0  1   -1  0   0   6   0   8   0   9   0   10  2   11  0   12  2   13  0   14  2   22  257 -1  0   -1  0 
6	0	"Round Shield"					0  1  0  0  1   -1  3   0   5   0   8   0   11  0   12  2   -1  0   -1  0   -1  0   -1  0   -1  0   -1  0   -1  0   
6	1	"Horned Shield"					0  1  0  0  1   -1  3   0   5   0   8   0   11  0   12  2   -1  0   -1  0   -1  0   -1  0   -1  0   -1  0   -1  0   
6	2	"Kite Shield"					0  1  0  0  1   -1  3   0   5   0   8   0   11  0   12  2   -1  0   -1  0   -1  0   -1  0   -1  0   -1  0   -1  0   
6	3	"Elven Shield"					0  1  0  0  1   -1  3   0   5   0   8   0   11  0   12  2   13  0   14  2   -1  0   -1  0   -1  0   -1  0   -1  0   
6	4	"Buckler"					0  1  0  0  1   -1  3   0   5   0   8   0   11  0   12  2   -1  0   -1  0   -1  0   -1  0   -1  0   -1  0   -1  0   
6	5	"Dragon Slayer Shield"				0  1  0  0  1   -1  3   0   5   0   8   0   11  0   12  2   13  0   14  2   -1  0   -1  0   -1  0   -1  0   -1  0   
6	6	"Skull Shield"					0  1  0  0  1   -1  3   0   5   0   8   0   11  0   12  2   -1  0   -1  0   -1  0   -1  0   -1  0   -1  0   -1  0   
6	7	"Spiked Shield"					0  1  0  0  1   -1  3   0   5   0   8   0   11  0   12  2   -1  0   -1  0   -1  0   -1  0   -1  0   -1  0   -1  0   
6	8	"Tower Shield"					0  1  0  0  1   -1  3   0   5   0   8   0   11  0   12  2   -1  0   -1  0   -1  0   -1  0   -1  0   -1  0   -1  0   
6	9	"Plate Shield"					0  1  0  0  1   -1  3   0   5   0   8   0   11  0   12  2   -1  0   -1  0   -1  0   -1  0   -1  0   -1  0   -1  0   
6	10	"Large Round Shield"				0  1  0  0  1   -1  3   0   5   0   8   0   11  0   12  2   -1  0   -1  0   -1  0   -1  0   -1  0   -1  0   -1  0   
6	11	"Serpent Shield"				0  1  0  0  1   -1  3   0   5   0   8   0   11  0   12  2   -1  0   -1  0   -1  0   -1  0   -1  0   -1  0   -1  0   
6	12	"Bronze Shield"					0  1  0  0  1   -1  3   0   5   0   8   0   11  0   12  2   -1  0   -1  0   -1  0   -1  0   -1  0   -1  0   -1  0   
6	13	"Dragon Shield"					0  1  0  0  1   -1  3   0   5   0   8   0   11  0   12  2   13  0   14  2   -1  0   -1  0   -1  0   -1  0   -1  0   
6	14	"Legendary Shield"				0  1  0  0  1   -1  3   0   5   0   8   0   11  0   12  2   13  0   14  2   -1  0   -1  0   -1  0   -1  0   -1  0   
6	15	"Grand Soul Shield"				0  1  0  0  1   -1  3   0   5   0   8   0   11  0   12  2   13  0   14  2   -1  0   -1  0   -1  0   -1  0   -1  0   
6	16	"Elemental Shield"				0  1  0  0  1   -1  3   0   5   0   8   0   11  0   12  2   13  0   14  2   17  0   18  2   -1  0   -1  0   -1  0   
7	0	"Bronze Helm"					0  1  0  0  1   -1  3   0   8   0   11  0   12  2   13  0   14  2   -1  0   -1  0   -1  0   -1  0   -1  0   -1  0   
7	1	"Dragon Helm"					0  1  0  0  1   -1  3   0   8   0   11  0   12  2   13  0   14  2   -1  0   -1  0   -1  0   -1  0   -1  0   -1  0   
7	2	"Pad Helm"					0  1  0  0  1   -1  3   0   8   0   11  0   12  2   -1  0   -1  0   -1  0   -1  0   -1  0   -1  0   -1  0   -1  0   
7	3	"Legendary Helm"				0  1  0  0  1   -1  3   0   8   0   11  0   12  2   -1  0   -1  0   -1  0   -1  0   -1  0   -1  0   -1  0   -1  0   
7	4	"Bone Helm"					0  1  0  0  1   -1  3   0   8   0   11  0   12  2   -1  0   -1  0   -1  0   -1  0   -1  0   -1  0   -1  0   -1  0   
7	5	"Leather Helm"					0  1  0  0  1   -1  3   0   8   0   11  0   12  2   -1  0   -1  0   -1  0   -1  0   -1  0   -1  0   -1  0   -1  0   
7	6	"Scale Helm"					0  1  0  0  1   -1  3   0   8   0   11  0   12  2   -1  0   -1  0   -1  0   -1  0   -1  0   -1  0   -1  0   -1  0   
7	7	"Sphinx Mask"					0  1  0  0  1   -1  3   0   8   0   11  0   12  2   -1  0   -1  0   -1  0   -1  0   -1  0   -1  0   -1  0   -1  0   
7	8	"Brass Helm"					0  1  0  0  1   -1  3   0   8   0   11  0   12  2   13  0   14  2   -1  0   -1  0   -1  0   -1  0   -1  0   -1  0   
7	9	"Plate Helm"					0  1  0  0  1   -1  3   0   8   0   11  0   12  2   -1  0   -1  0   -1  0   -1  0   -1  0   -1  0   -1  0   -1  0   
7	10	"Vine Helm"					0  1  0  0  1   -1  3   0   8   0   11  0   12  2   13  0   14  2   -1  0   -1  0   -1  0   -1  0   -1  0   -1  0   
7	11	"Silk Helm"					0  1  0  0  1   -1  3   0   8   0   11  0   12  2   13  0   14  2   -1  0   -1  0   -1  0   -1  0   -1  0   -1  0   
7	12	"Wind Helm"					0  1  0  0  1   -1  3   0   8   0   11  0   12  2   13  0   14  2   -1  0   -1  0   -1  0   -1  0   -1  0   -1  0   
7	13	"Spirit Helm"					0  1  0  0  1   -1  3   0   8   0   11  0   12  2   13  0   14  2   -1  0   -1  0   -1  0   -1  0   -1  0   -1  0   
7	14	"Guardian Helm"					0  1  0  0  1   -1  3   0   8   0   11  0   12  2   13  0   14  2   -1  0   -1  0   -1  0   -1  0   -1  0   -1  0   
7	16	"Black Dragon Helm"				0  1  0  0  1   -1  3   0   8   0   11  0   12  2   13  0   14  2   -1  0   -1  0   -1  0   -1  0   -1  0   -1  0   
7	17	"Dark Phoenix Helm"				0  1  0  0  1   -1  3   0   8   0   11  0   12  2   13  0   14  2   -1  0   -1  0   -1  0   -1  0   -1  0   -1  0   
7	18	"Grand Soul Helm"				0  1  0  0  1   -1  3   0   8   0   11  0   12  2   13  0   14  2   -1  0   -1  0   -1  0   -1  0   -1  0   -1  0   
7	19	"Divine Helm"					0  1  0  0  1   -1  3   0   8   0   11  0   12  2   13  0   14  2   -1  0   -1  0   -1  0   -1  0   -1  0   -1  0   
7	21	"Great Dragon Helm"				0  1  0  0  1   -1  3   0   8   0   11  0   12  2   13  0   14  2   -1  0   -1  0   -1  0   -1  0   -1  0   -1  0   
7	22	"Dark Soul Helm"				0  1  0  0  1   -1  3   0   8   0   11  0   12  2   13  0   14  2   -1  0   -1  0   -1  0   -1  0   -1  0   -1  0   
7	24	"Red Spirit Helm"				0  1  0  0  1   -1  3   0   8   0   11  0   12  2   13  0   14  2   -1  0   -1  0   -1  0   -1  0   -1  0   -1  0   
7	25	"Light Plate Mask"				0  1  0  0  1   -1  3   0   8   0   11  0   12  2   13  0   14  2   -1  0   -1  0   -1  0   -1  0   -1  0   -1  0   
7	26	"Adamantine Mask"				0  1  0  0  1   -1  3   0   8   0   11  0   12  2   13  0   14  2   -1  0   -1  0   -1  0   -1  0   -1  0   -1  0   
7	27	"Dark Steel Mask"				0  1  0  0  1   -1  3   0   8   0   11  0   12  2   13  0   14  2   -1  0   -1  0   -1  0   -1  0   -1  0   -1  0   
7	28	"Dark Master Mask"				0  1  0  0  1   -1  3   0   8   0   11  0   12  2   13  0   14  2   -1  0   -1  0   -1  0   -1  0   -1  0   -1  0   
7	29	"Dragon Knight Helm"				0  1  0  0  1   -1  3   0   8   0   9   0   10  2   11  0   12  2   13  0   14  2   -1  0   -1  0   -1  0   -1  0   
7	30	"Venom Mist Helm"				0  1  0  0  1   -1  3   0   8   0   9   0   10  2   11  0   12  2   13  0   14  2   -1  0   -1  0   -1  0   -1  0   
7	31	"Sylphid Ray Helm"				0  1  0  0  1   -1  3   0   8   0   9   0   10  2   11  0   12  2   13  0   14  2   -1  0   -1  0   -1  0   -1  0   
7	33	"Sunlight Mask"					0  1  0  0  1   -1  3   0   8   0   9   0   10  2   11  0   12  2   13  0   14  2   -1  0   -1  0   -1  0   -1  0  
8	0	"Bronze Armor"					0  1  0  0  1   -1  3   0   8   0   11  0   12  2   13  0   14  2   -1  0   -1  0   -1  0   -1  0   -1  0   -1  0   
8	1	"Dragon Armor"					0  1  0  0  1   -1  3   0   8   0   11  0   12  2   13  0   14  2   -1  0   -1  0   -1  0   -1  0   -1  0   -1  0   
8	2	"Padded Armor"					0  1  0  0  1   -1  3   0   8   0   11  0   12  2   -1  0   -1  0   -1  0   -1  0   -1  0   -1  0   -1  0   -1  0   
8	3	"Legendary Armor"				0  1  0  0  1   -1  3   0   8   0   11  0   12  2   -1  0   -1  0   -1  0   -1  0   -1  0   -1  0   -1  0   -1  0   
8	4	"Bone Armor"					0  1  0  0  1   -1  3   0   8   0   11  0   12  2   -1  0   -1  0   -1  0   -1  0   -1  0   -1  0   -1  0   -1  0   
8	5	"Leather Armor"					0  1  0  0  1   -1  3   0   8   0   11  0   12  2   -1  0   -1  0   -1  0   -1  0   -1  0   -1  0   -1  0   -1  0   
8	6	"Scale Armor"					0  1  0  0  1   -1  3   0   8   0   11  0   12  2   -1  0   -1  0   -1  0   -1  0   -1  0   -1  0   -1  0   -1  0   
8	7	"Sphinx Armor"					0  1  0  0  1   -1  3   0   8   0   11  0   12  2   -1  0   -1  0   -1  0   -1  0   -1  0   -1  0   -1  0   -1  0   
8	8	"Brass Armor"					0  1  0  0  1   -1  3   0   8   0   11  0   12  2   13  0   14  2   -1  0   -1  0   -1  0   -1  0   -1  0   -1  0   
8	9	"Plate Armor"					0  1  0  0  1   -1  3   0   8   0   11  0   12  2   -1  0   -1  0   -1  0   -1  0   -1  0   -1  0   -1  0   -1  0   
8	10	"Vine Armor"					0  1  0  0  1   -1  3   0   8   0   11  0   12  2   13  0   14  2   -1  0   -1  0   -1  0   -1  0   -1  0   -1  0   
8	11	"Silk Armor"					0  1  0  0  1   -1  3   0   8   0   11  0   12  2   13  0   14  2   -1  0   -1  0   -1  0   -1  0   -1  0   -1  0   
8	12	"Wind Armor"					0  1  0  0  1   -1  3   0   8   0   11  0   12  2   13  0   14  2   -1  0   -1  0   -1  0   -1  0   -1  0   -1  0   
8	13	"Spirit Armor"					0  1  0  0  1   -1  3   0   8   0   11  0   12  2   13  0   14  2   -1  0   -1  0   -1  0   -1  0   -1  0   -1  0   
8	14	"Guardian Armor"				0  1  0  0  1   -1  3   0   8   0   11  0   12  2   13  0   14  2   -1  0   -1  0   -1  0   -1  0   -1  0   -1  0   
8	15	"Storm Crow Armor"				0  1  0  0  1   -1  3   0   8   0   11  0   12  2   13  0   14  2   -1  0   -1  0   -1  0   -1  0   -1  0   -1  0   
8	16	"Black Dragon Armor"				0  1  0  0  1   -1  3   0   8   0   11  0   12  2   13  0   14  2   -1  0   -1  0   -1  0   -1  0   -1  0   -1  0   
8	17	"Dark Phoenix Armor"				0  1  0  0  1   -1  3   0   8   0   11  0   12  2   13  0   14  2   -1  0   -1  0   -1  0   -1  0   -1  0   -1  0   
8	18	"Grand Soul Armor"				0  1  0  0  1   -1  3   0   8   0   11  0   12  2   13  0   14  2   -1  0   -1  0   -1  0   -1  0   -1  0   -1  0   
8	19	"Divine Armor"					0  1  0  0  1   -1  3   0   8   0   11  0   12  2   13  0   14  2   -1  0   -1  0   -1  0   -1  0   -1  0   -1  0   
8	20	"Thunder Hawk Armor"				0  1  0  0  1   -1  3   0   8   0   11  0   12  2   13  0   14  2   -1  0   -1  0   -1  0   -1  0   -1  0   -1  0   
8	21	"Great Dragon Armor"				0  1  0  0  1   -1  3   0   8   0   11  0   12  2   13  0   14  2   -1  0   -1  0   -1  0   -1  0   -1  0   -1  0   
8	22	"Dark Soul Armor"				0  1  0  0  1   -1  3   0   8   0   11  0   12  2   13  0   14  2   -1  0   -1  0   -1  0   -1  0   -1  0   -1  0   
8	23	"Hurricane Armor"				0  1  0  0  1   -1  3   0   8   0   11  0   12  2   13  0   14  2   -1  0   -1  0   -1  0   -1  0   -1  0   -1  0   
8	24	"Red Sprit Armor"				0  1  0  0  1   -1  3   0   8   0   11  0   12  2   13  0   14  2   -1  0   -1  0   -1  0   -1  0   -1  0   -1  0   
8	25	"Light Plate Armor"				0  1  0  0  1   -1  3   0   8   0   11  0   12  2   13  0   14  2   -1  0   -1  0   -1  0   -1  0   -1  0   -1  0   
8	26	"Adamantine Armor"				0  1  0  0  1   -1  3   0   8   0   11  0   12  2   13  0   14  2   -1  0   -1  0   -1  0   -1  0   -1  0   -1  0   
8	27	"Dark Steel Armor"				0  1  0  0  1   -1  3   0   8   0   11  0   12  2   13  0   14  2   -1  0   -1  0   -1  0   -1  0   -1  0   -1  0   
8	28	"Dark Master Armor"				0  1  0  0  1   -1  3   0   8   0   11  0   12  2   13  0   14  2   -1  0   -1  0   -1  0   -1  0   -1  0   -1  0   
8	29	"Dragon Knight Armor"				0  1  0  0  1   -1  3   0   8   0   9   0   10  2   11  0   12  2   13  0   14  2   -1  0   -1  0   -1  0   -1  0   
8	30	"Venom Mist Armor"				0  1  0  0  1   -1  3   0   8   0   9   0   10  2   11  0   12  2   13  0   14  2   -1  0   -1  0   -1  0   -1  0   
8	31	"Sylphid Ray Armor"				0  1  0  0  1   -1  3   0   8   0   9   0   10  2   11  0   12  2   13  0   14  2   -1  0   -1  0   -1  0   -1  0   
8	32	"Volcano Armor"					0  1  0  0  1   -1  3   0   8   0   9   0   10  2   11  0   12  2   13  0   14  2   -1  0   -1  0   -1  0   -1  0   
8	33	"Sunlight Armor"				0  1  0  0  1   -1  3   0   8   0   9   0   10  2   11  0   12  2   13  0   14  2   -1  0   -1  0   -1  0   -1  0 
9	0	"Bronze Pants"					0  1  0  0  1   -1  3   0   8   0   11  0   12  2   13  0   14  2   -1  0   -1  0   -1  0   -1  0   -1  0   -1  0   
9	1	"Dragon Pants"					0  1  0  0  1   -1  3   0   8   0   11  0   12  2   13  0   14  2   -1  0   -1  0   -1  0   -1  0   -1  0   -1  0   
9	2	"Padded Pants"					0  1  0  0  1   -1  3   0   8   0   11  0   12  2   -1  0   -1  0   -1  0   -1  0   -1  0   -1  0   -1  0   -1  0   
9	3	"Legendary Pants"				0  1  0  0  1   -1  3   0   8   0   11  0   12  2   -1  0   -1  0   -1  0   -1  0   -1  0   -1  0   -1  0   -1  0   
9	4	"Bone Pants"					0  1  0  0  1   -1  3   0   8   0   11  0   12  2   -1  0   -1  0   -1  0   -1  0   -1  0   -1  0   -1  0   -1  0   
9	5	"Leather Pants"					0  1  0  0  1   -1  3   0   8   0   11  0   12  2   -1  0   -1  0   -1  0   -1  0   -1  0   -1  0   -1  0   -1  0   
9	6	"Scale Pants"					0  1  0  0  1   -1  3   0   8   0   11  0   12  2   -1  0   -1  0   -1  0   -1  0   -1  0   -1  0   -1  0   -1  0   
9	7	"Sphinx Pants"					0  1  0  0  1   -1  3   0   8   0   11  0   12  2   -1  0   -1  0   -1  0   -1  0   -1  0   -1  0   -1  0   -1  0   
9	8	"Brass Pants"					0  1  0  0  1   -1  3   0   8   0   11  0   12  2   13  0   14  2   -1  0   -1  0   -1  0   -1  0   -1  0   -1  0   
9	9	"Plate Pants"					0  1  0  0  1   -1  3   0   8   0   11  0   12  2   -1  0   -1  0   -1  0   -1  0   -1  0   -1  0   -1  0   -1  0   
9	10	"Vine Pants"					0  1  0  0  1   -1  3   0   8   0   11  0   12  2   13  0   14  2   -1  0   -1  0   -1  0   -1  0   -1  0   -1  0   
9	11	"Silk Pants"					0  1  0  0  1   -1  3   0   8   0   11  0   12  2   13  0   14  2   -1  0   -1  0   -1  0   -1  0   -1  0   -1  0   
9	12	"Wind Pants"					0  1  0  0  1   -1  3   0   8   0   11  0   12  2   13  0   14  2   -1  0   -1  0   -1  0   -1  0   -1  0   -1  0   
9	13	"Spirit Pants"					0  1  0  0  1   -1  3   0   8   0   11  0   12  2   13  0   14  2   -1  0   -1  0   -1  0   -1  0   -1  0   -1  0   
9	14	"Guardian Pants"				0  1  0  0  1   -1  3   0   8   0   11  0   12  2   13  0   14  2   -1  0   -1  0   -1  0   -1  0   -1  0   -1  0   
9	15	"Storm Crow Pants"				0  1  0  0  1   -1  3   0   8   0   11  0   12  2   13  0   14  2   -1  0   -1  0   -1  0   -1  0   -1  0   -1  0   
9	16	"Black Dragon Pants"				0  1  0  0  1   -1  3   0   8   0   11  0   12  2   13  0   14  2   -1  0   -1  0   -1  0   -1  0   -1  0   -1  0   
9	17	"Dark Phoenix Pants"				0  1  0  0  1   -1  3   0   8   0   11  0   12  2   13  0   14  2   -1  0   -1  0   -1  0   -1  0   -1  0   -1  0   
9	18	"Grand Soul Pants"				0  1  0  0  1   -1  3   0   8   0   11  0   12  2   13  0   14  2   -1  0   -1  0   -1  0   -1  0   -1  0   -1  0   
9	19	"Divine Pants"					0  1  0  0  1   -1  3   0   8   0   11  0   12  2   13  0   14  2   -1  0   -1  0   -1  0   -1  0   -1  0   -1  0   
9	20	"Thunder Hawk Pants"				0  1  0  0  1   -1  3   0   8   0   11  0   12  2   13  0   14  2   -1  0   -1  0   -1  0   -1  0   -1  0   -1  0   
9	21	"Great Dragon Pants"				0  1  0  0  1   -1  3   0   8   0   11  0   12  2   13  0   14  2   -1  0   -1  0   -1  0   -1  0   -1  0   -1  0   
9	22	"Dark Soul Pants"				0  1  0  0  1   -1  3   0   8   0   11  0   12  2   13  0   14  2   -1  0   -1  0   -1  0   -1  0   -1  0   -1  0   
9	23	"Hurricane Pants"				0  1  0  0  1   -1  3   0   8   0   11  0   12  2   13  0   14  2   -1  0   -1  0   -1  0   -1  0   -1  0   -1  0   
9	24	"Red Spirit Pants"				0  1  0  0  1   -1  3   0   8   0   11  0   12  2   13  0   14  2   -1  0   -1  0   -1  0   -1  0   -1  0   -1  0   
9	25	"Light Plate Pants"				0  1  0  0  1   -1  3   0   8   0   11  0   12  2   13  0   14  2   -1  0   -1  0   -1  0   -1  0   -1  0   -1  0   
9	26	"Adamantine Pants"				0  1  0  0  1   -1  3   0   8   0   11  0   12  2   13  0   14  2   -1  0   -1  0   -1  0   -1  0   -1  0   -1  0   
9	27	"Dark Steel Pants"				0  1  0  0  1   -1  3   0   8   0   11  0   12  2   13  0   14  2   -1  0   -1  0   -1  0   -1  0   -1  0   -1  0   
9	28	"Dark Master Pants"				0  1  0  0  1   -1  3   0   8   0   11  0   12  2   13  0   14  2   -1  0   -1  0   -1  0   -1  0   -1  0   -1  0   
9	29	"Dragon Knight Pants"				0  1  0  0  1   -1  3   0   8   0   9   0   10  2   11  0   12  2   13  0   14  2   -1  0   -1  0   -1  0   -1  0   
9	30	"Venom Mist Pants"				0  1  0  0  1   -1  3   0   8   0   9   0   10  2   11  0   12  2   13  0   14  2   -1  0   -1  0   -1  0   -1  0   
9	31	"Sylphid Ray Pants"				0  1  0  0  1   -1  3   0   8   0   9   0   10  2   11  0   12  2   13  0   14  2   -1  0   -1  0   -1  0   -1  0   
9	32	"Volcano Pants "				0  1  0  0  1   -1  3   0   8   0   9   0   10  2   11  0   12  2   13  0   14  2   -1  0   -1  0   -1  0   -1  0   
9	33	"Sunlight Pants"				0  1  0  0  1   -1  3   0   8   0   9   0   10  2   11  0   12  2   13  0   14  2   -1  0   -1  0   -1  0   -1  0  
10	0	"Bronze Gloves"					0  1  0  0  1   -1  3   0   6   0   8   0   11  0   12  2   13  0   14  2   24  257 -1  0   -1  0   -1  0   -1  0   
10	1	"Dragon Gloves"					0  1  0  0  1   -1  3   0   6   0   8   0   11  0   12  2   13  0   14  2   24  257 -1  0   -1  0   -1  0   -1  0   
10	2	"Padded Gloves"					0  1  0  0  1   -1  3   0   8   0   11  0   12  2   24  257 -1  0   -1  0   -1  0   -1  0   -1  0   -1  0   -1  0   
10	3	"Legendary Gloves"				0  1  0  0  1   -1  3   0   8   0   11  0   12  2   24  257 -1  0   -1  0   -1  0   -1  0   -1  0   -1  0   -1  0   
10	4	"Bone Gloves"					0  1  0  0  1   -1  3   0   8   0   11  0   12  2   24  257 -1  0   -1  0   -1  0   -1  0   -1  0   -1  0   -1  0   
10	5	"Leather Gloves"				0  1  0  0  1   -1  3   0   6   0   8   0   11  0   12  2   24  257 -1  0   -1  0   -1  0   -1  0   -1  0   -1  0   
10	6	"Scale Gloves"					0  1  0  0  1   -1  3   0   6   0   8   0   11  0   12  2   24  257 -1  0   -1  0   -1  0   -1  0   -1  0   -1  0   
10	7	"Sphinx Gloves"					0  1  0  0  1   -1  3   0   8   0   11  0   12  2   24  257 -1  0   -1  0   -1  0   -1  0   -1  0   -1  0   -1  0   
10	8	"Brass Gloves"					0  1  0  0  1   -1  3   0   6   0   8   0   11  0   12  2   13  0   14  2   24  257 -1  0   -1  0   -1  0   -1  0   
10	9	"Plate Gloves"					0  1  0  0  1   -1  3   0   6   0   8   0   11  0   12  2   24  257 -1  0   -1  0   -1  0   -1  0   -1  0   -1  0   
10	10	"Vine Gloves"					0  1  0  0  1   -1  3   0   6   0   8   0   11  0   12  2   13  0   14  2   24  257 -1  0   -1  0   -1  0   -1  0   
10	11	"Silk Gloves"					0  1  0  0  1   -1  3   0   6   0   8   0   11  0   12  2   13  0   14  2   24  257 -1  0   -1  0   -1  0   -1  0   
10	12	"Wind Gloves"					0  1  0  0  1   -1  3   0   6   0   8   0   11  0   12  2   13  0   14  2   24  257 -1  0   -1  0   -1  0   -1  0   
10	13	"Spirit Gloves"					0  1  0  0  1   -1  3   0   6   0   8   0   11  0   12  2   13  0   14  2   24  257 -1  0   -1  0   -1  0   -1  0   
10	14	"Guardian Gloves"				0  1  0  0  1   -1  3   0   6   0   8   0   11  0   12  2   13  0   14  2   24  257 -1  0   -1  0   -1  0   -1  0   
10	15	"Storm Crow Gloves"				0  1  0  0  1   -1  3   0   6   0   8   0   11  0   12  2   13  0   14  2   24  257 -1  0   -1  0   -1  0   -1  0   
10	16	"Black Dragon Gloves"				0  1  0  0  1   -1  3   0   6   0   8   0   11  0   12  2   13  0   14  2   24  257 -1  0   -1  0   -1  0   -1  0   
10	17	"Dark Phoenix Gloves"				0  1  0  0  1   -1  3   0   6   0   8   0   11  0   12  2   13  0   14  2   24  257 -1  0   -1  0   -1  0   -1  0   
10	18	"Grand Soul Gloves"				0  1  0  0  1   -1  3   0   6   0   8   0   11  0   12  2   13  0   14  2   24  257 -1  0   -1  0   -1  0   -1  0   
10	19	"Divine Gloves"					0  1  0  0  1   -1  3   0   6   0   8   0   11  0   12  2   13  0   14  2   24  257 -1  0   -1  0   -1  0   -1  0   
10	20	"Thunder Hawk Gloves"				0  1  0  0  1   -1  3   0   6   0   8   0   11  0   12  2   13  0   14  2   24  257 -1  0   -1  0   -1  0   -1  0   
10	21	"Great Dragon Gloves"				0  1  0  0  1   -1  3   0   6   0   8   0   11  0   12  2   13  0   14  2   24  257 -1  0   -1  0   -1  0   -1  0   
10	22	"Dark Soul Gloves"				0  1  0  0  1   -1  3   0   6   0   8   0   11  0   12  2   13  0   14  2   24  257 -1  0   -1  0   -1  0   -1  0   
10	23	"Hurricane Gloves"				0  1  0  0  1   -1  3   0   6   0   8   0   11  0   12  2   13  0   14  2   24  257 -1  0   -1  0   -1  0   -1  0   
10	24	"Red Spirit Gloves"				0  1  0  0  1   -1  3   0   6   0   8   0   11  0   12  2   13  0   14  2   24  257 -1  0   -1  0   -1  0   -1  0   
10	25	"Light Plate Gloves"				0  1  0  0  1   -1  3   0   6   0   8   0   11  0   12  2   13  0   14  2   24  257 -1  0   -1  0   -1  0   -1  0   
10	26	"Adamantine Gloves"				0  1  0  0  1   -1  3   0   6   0   8   0   11  0   12  2   13  0   14  2   24  257 -1  0   -1  0   -1  0   -1  0   
10	27	"Dark Steel Gloves"				0  1  0  0  1   -1  3   0   6   0   8   0   11  0   12  2   13  0   14  2   24  257 -1  0   -1  0   -1  0   -1  0   
10	28	"Dark Master Gloves"				0  1  0  0  1   -1  3   0   6   0   8   0   11  0   12  2   13  0   14  2   24  257 -1  0   -1  0   -1  0   -1  0   
10	29	"Dragon Knight Gloves"				0  1  0  0  1   -1  3   0   6   0   8   0   9   0   10  2   11  0   12  2   13  0   14  2   24  257 -1  0   -1  0   
10	30	"Venom Mist Gloves"				0  1  0  0  1   -1  3   0   6   0   8   0   9   0   10  2   11  0   12  2   13  0   14  2   24  257 -1  0   -1  0   
10	31	"Sylphid Ray Gloves"				0  1  0  0  1   -1  3   0   6   0   8   0   9   0   10  2   11  0   12  2   13  0   14  2   24  257 -1  0   -1  0   
10	32	"Volcano Gloves"				0  1  0  0  1   -1  3   0   6   0   8   0   9   0   10  2   11  0   12  2   13  0   14  2   24  257 -1  0   -1  0   
10	33	"Sunlight Gloves"				0  1  0  0  1   -1  3   0   6   0   8   0   9   0   10  2   11  0   12  2   13  0   14  2   24  257 -1  0   -1    
11	0	"Bronze Boots"					0  1  0  0  1   -1  3   0   7   0   8   0   11  0   12  2   13  0   14  2   25  257 -1  0   -1  0   -1  0   -1  0   
11	1	"Dragon Boots"					0  1  0  0  1   -1  3   0   7   0   8   0   11  0   12  2   13  0   14  2   25  257 -1  0   -1  0   -1  0   -1  0   
11	2	"Padded Boots"					0  1  0  0  1   -1  3   0   7   0   8   0   11  0   12  2   25  257 -1  0   -1  0   -1  0   -1  0   -1  0   -1  0   
11	3	"Legendary Boots"				0  1  0  0  1   -1  3   0   7   0   8   0   11  0   12  2   25  257 -1  0   -1  0   -1  0   -1  0   -1  0   -1  0   
11	4	"Bone Boots"					0  1  0  0  1   -1  3   0   7   0   8   0   11  0   12  2   25  257 -1  0   -1  0   -1  0   -1  0   -1  0   -1  0   
11	5	"Leather Boots"					0  1  0  0  1   -1  3   0   7   0   8   0   11  0   12  2   25  257 -1  0   -1  0   -1  0   -1  0   -1  0   -1  0   
11	6	"Scale Boots"					0  1  0  0  1   -1  3   0   7   0   8   0   11  0   12  2   25  257 -1  0   -1  0   -1  0   -1  0   -1  0   -1  0   
11	7	"Sphinx Boots"					0  1  0  0  1   -1  3   0   7   0   8   0   11  0   12  2   25  257 -1  0   -1  0   -1  0   -1  0   -1  0   -1  0   
11	8	"Brass Boots"					0  1  0  0  1   -1  3   0   7   0   8   0   11  0   12  2   13  0   14  2   25  257 -1  0   -1  0   -1  0   -1  0   
11	9	"Plate Boots"					0  1  0  0  1   -1  3   0   7   0   8   0   11  0   12  2   25  257 -1  0   -1  0   -1  0   -1  0   -1  0   -1  0   
11	10	"Vine Boots"					0  1  0  0  1   -1  3   0   8   0   11  0   12  2   13  0   14  2   25  257 -1  0   -1  0   -1  0   -1  0   -1  0   
11	11	"Silk Boots"					0  1  0  0  1   -1  3   0   8   0   11  0   12  2   13  0   14  2   25  257 -1  0   -1  0   -1  0   -1  0   -1  0   
11	12	"Wind Boots"					0  1  0  0  1   -1  3   0   8   0   11  0   12  2   13  0   14  2   25  257 -1  0   -1  0   -1  0   -1  0   -1  0   
11	13	"Spirit Boots"					0  1  0  0  1   -1  3   0   8   0   11  0   12  2   13  0   14  2   25  257 -1  0   -1  0   -1  0   -1  0   -1  0   
11	14	"Guardian Boots"				0  1  0  0  1   -1  3   0   8   0   11  0   12  2   13  0   14  2   25  257 -1  0   -1  0   -1  0   -1  0   -1  0   
11	15	"Storm Crow Boots"				0  1  0  0  1   -1  3   0   7   0   8   0   11  0   12  2   13  0   14  2   25  257 -1  0   -1  0   -1  0   -1  0   
11	16	"Black Dragon Boots"				0  1  0  0  1   -1  3   0   7   0   8   0   11  0   12  2   13  0   14  2   25  257 -1  0   -1  0   -1  0   -1  0   
11	17	"Dark Phoenix Boots"				0  1  0  0  1   -1  3   0   7   0   8   0   11  0   12  2   13  0   14  2   25  257 -1  0   -1  0   -1  0   -1  0   
11	18	"Grand Soul Boots"				0  1  0  0  1   -1  3   0   8   0   11  0   12  2   13  0   14  2   25  257 -1  0   -1  0   -1  0   -1  0   -1  0   
11	19	"Divine Boots"					0  1  0  0  1   -1  3   0   8   0   11  0   12  2   13  0   14  2   25  257 -1  0   -1  0   -1  0   -1  0   -1  0   
11	20	"Thunder Hawk Boots"				0  1  0  0  1   -1  3   0   7   0   8   0   11  0   12  2   13  0   14  2   25  257 -1  0   -1  0   -1  0   -1  0   
11	21	"Great Dragon Boots"				0  1  0  0  1   -1  3   0   8   0   11  0   12  2   13  0   14  2   25  257 -1  0   -1  0   -1  0   -1  0   -1  0   
11	22	"Dark Soul Boots"				0  1  0  0  1   -1  3   0   8   0   11  0   12  2   13  0   14  2   25  257 -1  0   -1  0   -1  0   -1  0   -1  0   
11	23	"Hurricane Boots"				0  1  0  0  1   -1  3   0   8   0   11  0   12  2   13  0   14  2   25  257 -1  0   -1  0   -1  0   -1  0   -1  0   
11	24	"Red Spirit Boots"				0  1  0  0  1   -1  3   0   8   0   11  0   12  2   13  0   14  2   25  257 -1  0   -1  0   -1  0   -1  0   -1  0   
11	25	"Light Plate Boots"				0  1  0  0  1   -1  3   0   8   0   11  0   12  2   13  0   14  2   25  257 -1  0   -1  0   -1  0   -1  0   -1  0   
11	26	"Adamantine Boots"				0  1  0  0  1   -1  3   0   8   0   11  0   12  2   13  0   14  2   25  257 -1  0   -1  0   -1  0   -1  0   -1  0   
11	27	"Dark Steel Boots"				0  1  0  0  1   -1  3   0   8   0   11  0   12  2   13  0   14  2   25  257 -1  0   -1  0   -1  0   -1  0   -1  0   
11	28	"Dark Master Boots"				0  1  0  0  1   -1  3   0   8   0   11  0   12  2   13  0   14  2   25  257 -1  0   -1  0   -1  0   -1  0   -1  0   
11	29	"Dragon Knight Boots"				0  1  0  0  1   -1  3   0   8   0   9   0   10  2   11  0   12  2   13  0   14  2   25  257 -1  0   -1  0   -1  0   
11	30	"Venom Mist Boots"				0  1  0  0  1   -1  3   0   8   0   9   0   10  2   11  0   12  2   13  0   14  2   25  257 -1  0   -1  0   -1  0   
11	31	"Sylphid Ray Boots"				0  1  0  0  1   -1  3   0   8   0   9   0   10  2   11  0   12  2   13  0   14  2   25  257 -1  0   -1  0   -1  0   
11	32	"Volcano Boots "				0  1  0  0  1   -1  3   0   8   0   9   0   10  2   11  0   12  2   13  0   14  2   25  257 -1  0   -1  0   -1  0   
11	33	"Sunlight Boots"				0  1  0  0  1   -1  3   0   8   0   9   0   10  2   11  0   12  2   13  0   14  2   25  257 -1  0   -1  0   -1  0 
12	0	"Wings of Elf"					0  1  0  0  1   -1  3   0   29  0   32  0   25  0   8   0   9   0   10  0   -1  0   -1  0   -1  0   -1  0   -1  0   
12	1	"Wings of Heaven"				0  1  0  0  1   -1  3   0   29  0   32  0   25  0   8   0   9   0   10  0   -1  0   -1  0   -1  0   -1  0   -1  0   
12	2	"Wings of Satan"				0  1  0  0  1   -1  3   0   29  0   32  0   25  0   8   0   9   0   10  0   -1  0   -1  0   -1  0   -1  0   -1  0   
12	3	"Wings of Spirits"				0  1  0  0  1   -1  3   0   26  0   33  0   25  0   8   0   9   0   10  0   -1  0   -1  0   -1  0   -1  0   -1  0   
12	4	"Wings of Soul"					0  1  0  0  1   -1  3   0   26  0   33  0   25  0   8   0   9   0   10  0   -1  0   -1  0   -1  0   -1  0   -1  0   
12	5	"Wings of Dragon"				0  1  0  0  1   -1  3   0   26  0   33  0   25  0   8   0   9   0   10  0   -1  0   -1  0   -1  0   -1  0   -1  0   
12	6	"Darkness Wings"				0  1  0  0  1   -1  3   0   26  0   33  0   25  0   8   0   9   0   10  0   -1  0   -1  0   -1  0   -1  0   -1  0   
12	7	"Twisting Slash"				0  1  0  0  1   -1  9   0   10  0   -1  0   -1  0   -1  0   -1  0   -1  0   -1  0   -1  0   -1  0   -1  0   -1  0   
12	8	"Healing"					0  1  0  0  1   -1  17  0   18  2   -1  0   -1  0   -1  0   -1  0   -1  0   -1  0   -1  0   -1  0   -1  0   -1  0   
12	9	"Greater Defense"				0  1  0  0  1   -1  17  0   18  2   -1  0   -1  0   -1  0   -1  0   -1  0   -1  0   -1  0   -1  0   -1  0   -1  0   
12	10	"Greater Damage"				0  1  0  0  1   -1  17  0   18  2   -1  0   -1  0   -1  0   -1  0   -1  0   -1  0   -1  0   -1  0   -1  0   -1  0   
12	11	"Summoning"					0  1  0  0  1   -1  17  0   18  2   -1  0   -1  0   -1  0   -1  0   -1  0   -1  0   -1  0   -1  0   -1  0   -1  0   
12	12	"Rageful Blow"					0  1  0  0  1   -1  9   0   10  2   -1  0   -1  0   -1  0   -1  0   -1  0   -1  0   -1  0   -1  0   -1  0   -1  0   
12	13	"Impale"					0  1  0  0  1   -1  9   0   10  2   -1  0   -1  0   -1  0   -1  0   -1  0   -1  0   -1  0   -1  0   -1  0   -1  0   
12	14	"Great of Fortiture "				0  1  0  0  1   -1  9   0   10  2   -1  0   -1  0   -1  0   -1  0   -1  0   -1  0   -1  0   -1  0   -1  0   -1  0   
12	15	"Jewel of Chaos"				3  1  0  0  1   -1  39  0   -1  0   -1  0   -1  0   -1  0   -1  0   -1  0   -1  0   -1  0   -1  0   -1  0   -1  0   
12	16	"Fire Slash"					0  1  0  0  1   -1  11  0   12  0   -1  0   -1  0   -1  0   -1  0   -1  0   -1  0   -1  0   -1  0   -1  0   -1  0   
12	17	"Penetration"					0  1  0  0  1   -1  9   0   10  0   -1  0   -1  0   -1  0   -1  0   -1  0   -1  0   -1  0   -1  0   -1  0   -1  0   
12	18	"Ice Arrow"					0  1  0  0  1   -1  13  0   14  0   -1  0   -1  0   -1  0   -1  0   -1  0   -1  0   -1  0   -1  0   -1  0   -1  0   
12	19	"Death Stab"					0  1  0  0  1   -1  9   0   10  0   -1  0   -1  0   -1  0   -1  0   -1  0   -1  0   -1  0   -1  0   -1  0   -1  0   
12	21	"Scroll of FireBurst"				0  1  0  0  1   -1  17  0   18  0   -1  0   -1  0   -1  0   -1  0   -1  0   -1  0   -1  0   -1  0   -1  0   -1  0   
12	22	"Summoning Scroll"				0  1  0  0  1   -1  17  0   18  0   19  0   20  0   -1  0   -1  0   -1  0   -1  0   -1  0   -1  0   -1  0   -1  0   
12	23	"Critical Damage Skill"				0  1  0  0  1   -1  17  0   18  0   19  0   20  0   -1  0   -1  0   -1  0   -1  0   -1  0   -1  0   -1  0   -1  0   
12	24	"Electric Spike Scroll"				0  1  0  0  1   -1  17  0   18  0   19  0   20  0   -1  0   -1  0   -1  0   -1  0   -1  0   -1  0   -1  0   -1  0   
12	30	"Jewel of Bless Bundle"				3  1  0  0  1   -1  37  0   38  0   -1  0   -1  0   -1  0   -1  0   -1  0   -1  0   -1  0   -1  0   -1  0   -1  0   
12	31	"Jewel of Soul Bundle"				3  1  0  0  1   -1  37  0   38  0   -1  0   -1  0   -1  0   -1  0   -1  0   -1  0   -1  0   -1  0   -1  0   -1  0  
12	136	"Jewel of Life Bundle"				3  1  0  0  1   -1  37  0   38  0   -1  0   -1  0   -1  0   -1  0   -1  0   -1  0   -1  0   -1  0   -1  0   -1  0   
12	137	"Jewel of Creation Bundle"			3  1  0  0  1   -1  37  0   38  0   -1  0   -1  0   -1  0   -1  0   -1  0   -1  0   -1  0   -1  0   -1  0   -1  0  
12	141	"Jewel of Chaos Bundle"				3  1  0  0  1   -1  37  0   38  0   -1  0   -1  0   -1  0   -1  0   -1  0   -1  0   -1  0   -1  0   -1  0   -1  0 
13	0	"Guardian Angel"				0  1  0  0  1   -1  54  0   55  0   56  0   9   0   10  0   -1  0   -1  0   -1  0   -1  0   -1  0   -1  0   -1  0   
13	1	"Imp"						0  1  0  0  1   -1  57  0   56  0   9   0   10  0   -1  0   -1  0   -1  0   -1  0   -1  0   -1  0   -1  0   -1  0   
13	2	"Horn of Uniria"				0  1  0  0  1   -1  56  0   9   0   10  0   -1  0   -1  0   -1  0   -1  0   -1  0   -1  0   -1  0   -1  0   -1  0   
13	3	"Horn of Dinorant"				1  1  0  0  1   -1  58  0   59  0   56  0   9   0   10  0   -1  0   -1  0   -1  0   -1  0   -1  0   -1  0   -1  0   
13	4	"Dark Horse"					1  1  0  0  1   -1  -1  0   -1  0   -1  0   -1  0   -1  0   -1  0   -1  0   -1  0   -1  0   -1  0   -1  0   -1  0   
13	5	"Dark Raven"					0  1  0  0  1   -1  -1  0   -1  0   -1  0   -1  0   -1  0   -1  0   -1  0   -1  0   -1  0   -1  0   -1  0   -1  0   
13	7	"Contract (Summon)"				0  1  0  0  1   51  -1  0   -1  0   -1  0   -1  0   -1  0   -1  0   -1  0   -1  0   -1  0   -1  0   -1  0   -1  0   
13	8	"Ring of Ice"					0  1  0  0  1   -1  8   0   337 0   9   0   10  0   -1  0   -1  0   -1  0   -1  0   -1  0   -1  0   -1  0   -1  0   
13	9	"Ring of Poison"				0  1  0  0  1   -1  8   0   338 0   9   0   10  0   -1  0   -1  0   -1  0   -1  0   -1  0   -1  0   -1  0   -1  0   
13	10	"Transformation Ring"				0  1  0  0  1   92  -1  0   -1  0   -1  0   -1  0   -1  0   -1  0   -1  0   -1  0   -1  0   -1  0   -1  0   -1  0   
13	11	"Order (Guardian/Life Stone)"			0  1  0  0  1   53  -1  0   -1  0   -1  0   -1  0   -1  0   -1  0   -1  0   -1  0   -1  0   -1  0   -1  0   -1  0   
13	12	"Pendant of Lighting"				0  1  0  0  1   -1  8   0   339 0   9   0   10  0   -1  0   -1  0   -1  0   -1  0   -1  0   -1  0   -1  0   -1  0   
13	13	"Pendant of Fire"				0  1  0  0  1   -1  8   0   340 0   9   0   10  0   -1  0   -1  0   -1  0   -1  0   -1  0   -1  0   -1  0   -1  0   
13	14	"Loch's Feather"				3  1  0  0  1   36  -1  0   -1  0   -1  0   -1  0   -1  0   -1  0   -1  0   -1  0   -1  0   -1  0   -1  0   -1  0   
13	15	"Fruit"						3  1  0  0  1   31  -1  0   -1  0   -1  0   -1  0   -1  0   -1  0   -1  0   -1  0   -1  0   -1  0   -1  0   -1  0   
13	16	"Archangel Scroll"				3  1  0  0  1   -1  62  0   -1  0   -1  0   -1  0   -1  0   -1  0   -1  0   -1  0   -1  0   -1  0   -1  0   -1  0   
13	17	"Blood Bone"					3  1  0  0  1   -1  62  0   -1  0   -1  0   -1  0   -1  0   -1  0   -1  0   -1  0   -1  0   -1  0   -1  0   -1  0   
13	18	"Invisibility Cloak"				0  1  0  0  1   -1  63  0   64  0   -1  0   -1  0   -1  0   -1  0   -1  0   -1  0   -1  0   -1  0   -1  0   -1  0   
13	19	"Absolute Archangel Weapon"			3  1  1  0  1   42  -1  0   -1  0   -1  0   -1  0   -1  0   -1  0   -1  0   -1  0   -1  0   -1  0   -1  0   -1  0   
13	20	"Wizard's Ring"					3  1  1  0  1   45  -1  0   -1  0   -1  0   -1  0   -1  0   -1  0   -1  0   -1  0   -1  0   -1  0   -1  0   -1  0   
13	21	"Ring of Fire"					0  1  0  0  1   -1  8   0   340 0   9   0   10  0   -1  0   -1  0   -1  0   -1  0   -1  0   -1  0   -1  0   -1  0   
13	22	"Ring of Earth"					0  1  0  0  1   -1  8   0   341 0   9   0   10  0   -1  0   -1  0   -1  0   -1  0   -1  0   -1  0   -1  0   -1  0   
13	23	"Ring of Wind"					0  1  0  0  1   -1  8   0   342 0   9   0   10  0   -1  0   -1  0   -1  0   -1  0   -1  0   -1  0   -1  0   -1  0   
13	24	"Ring of Magic"					0  1  0  0  1   -1  8   0   9   0   10  0   -1  0   -1  0   -1  0   -1  0   -1  0   -1  0   -1  0   -1  0   -1  0   
13	25	"Pendant of Ice"				0  1  0  0  1   -1  8   0   337 0   9   0   10  0   -1  0   -1  0   -1  0   -1  0   -1  0   -1  0   -1  0   -1  0   
13	26	"Pendant of Wind"				0  1  0  0  1   -1  8   0   342 0   9   0   10  0   -1  0   -1  0   -1  0   -1  0   -1  0   -1  0   -1  0   -1  0   
13	27	"Pendant of Water"				0  1  0  0  1   -1  8   0   343 0   9   0   10  0   -1  0   -1  0   -1  0   -1  0   -1  0   -1  0   -1  0   -1  0   
13	28	"Pendant of Ability"				0  1  0  0  1   -1  8   0   9   0   10  0   -1  0   -1  0   -1  0   -1  0   -1  0   -1  0   -1  0   -1  0   -1  0   
13	29	"Armor of Guardsman"				0  1  0  0  1   -1  -1  0   -1  0   -1  0   -1  0   -1  0   -1  0   -1  0   -1  0   -1  0   -1  0   -1  0   -1  0   
13	30	"Cape of the Lord"				0  1  0  0  1   -1  3   0   28  0   36  0   8   0   9   0   10  0   -1  0   -1  0   -1  0   -1  0   -1  0   -1  0   
13	31	"Spirit"					0  1  0  0  1   57  -1  0   -1  0   -1  0   -1  0   -1  0   -1  0   -1  0   -1  0   -1  0   -1  0   -1  0   -1  0
13	43	"Seal of Ascension"				0  1  1  0  1   -1  81  1   -1  0   -1  0   -1  0   -1  0   -1  0   -1  0   -1  0   -1  0   -1  0   -1  0   -1  0   
13	44	"Seal of Wealth"				0  1  1  0  1   -1  82  1   -1  0   -1  0   -1  0   -1  0   -1  0   -1  0   -1  0   -1  0   -1  0   -1  0   -1  0   
13	45	"Seal of Sustenance"				0  1  1  0  1   -1  83  1   -1  0   -1  0   -1  0   -1  0   -1  0   -1  0   -1  0   -1  0   -1  0   -1  0   -1  0   
13	46	"Devil Square Event Ticket"			3  1  1  0  1   -1  84  1   85  0   86  0   -1  0   -1  0   -1  0   -1  0   -1  0   -1  0   -1  0   -1  0   -1  0   
13	47	"Blood Castle Event Ticket"			3  1  1  0  1   -1  87  1   85  0   86  0   -1  0   -1  0   -1  0   -1  0   -1  0   -1  0   -1  0   -1  0   -1  0  
13	59	"Seal of Mobility"				0  1  1  0  1   -1  97  1   -1  0   -1  0   -1  0   -1  0   -1  0   -1  0   -1  0   -1  0   -1  0   -1  0   -1  0  
13	62	"Seal of Healing"				0  1  1  0  1   -1  101 1   102 1   103 1   -1  0   -1  0   -1  0   -1  0   -1  0   -1  0   -1  0   -1  0   -1  0   
13	63	"Seal of Divinity"				0  1  1  0  1   -1  104 1   105 1   106 1   -1  0   -1  0   -1  0   -1  0   -1  0   -1  0   -1  0   -1  0   -1  0   
13	76	"Panda Ring"					0  1  1  0  1   -1  8   0   9   0   10  2   117 1   118 1   119 1   60  2   -1  0   -1  0   -1  0   -1  0   -1  0   
13	80	"Pet Panda"					0  1  1  0  1   -1  112 1   120 1   121 1   56  0   9   0   10  2   -1  0   -1  0   -1  0   -1  0   -1  0   -1  0  
13	96	"Seal of Strength"				0  1  0  0  1   -1  142 1   -1  0   -1  0   -1  0   -1  0   -1  0   -1  0   -1  0   -1  0   -1  0   -1  0   -1  0 
13	106	"Pet Unicorn"					0  1  1  0  1   -1  112 1   118 1   121 1   56  0   -1  0   -1  0   -1  0   -1  0   -1  0   -1  0   -1  0   -1  0   
13	116	"Seal of Wealth"				0  1  1  0  1   -1  154 1   -1  0   -1  0   -1  0   -1  0   -1  0   -1  0   -1  0   -1  0   -1  0   -1  0   -1  0  
14	0	"Apple"						0  1  0  0  1   -1  2   0   -1  0   -1  0   -1  0   -1  0   -1  0   -1  0   -1  0   -1  0   -1  0   -1  0   -1  0   
14	1	"Small Healing Potion"				0  1  0  0  1   -1  2   0   -1  0   -1  0   -1  0   -1  0   -1  0   -1  0   -1  0   -1  0   -1  0   -1  0   -1  0   
14	2	"Healing Potion"				0  1  0  0  1   -1  2   0   -1  0   -1  0   -1  0   -1  0   -1  0   -1  0   -1  0   -1  0   -1  0   -1  0   -1  0   
14	3	"Large Healing Potion"				0  1  0  0  1   -1  2   0   -1  0   -1  0   -1  0   -1  0   -1  0   -1  0   -1  0   -1  0   -1  0   -1  0   -1  0   
14	4	"Small Mana Potion"				0  1  0  0  1   -1  2   0   -1  0   -1  0   -1  0   -1  0   -1  0   -1  0   -1  0   -1  0   -1  0   -1  0   -1  0   
14	5	"Mana Potion"					0  1  0  0  1   -1  2   0   -1  0   -1  0   -1  0   -1  0   -1  0   -1  0   -1  0   -1  0   -1  0   -1  0   -1  0   
14	6	"Large Mana Potion"				0  1  0  0  1   -1  2   0   -1  0   -1  0   -1  0   -1  0   -1  0   -1  0   -1  0   -1  0   -1  0   -1  0   -1  0   
14	7	"Siege Potion"					0  1  0  0  1   49  -1  0   -1  0   -1  0   -1  0   -1  0   -1  0   -1  0   -1  0   -1  0   -1  0   -1  0   -1  0   
14	8	"Antidote"					0  1  0  0  1   -1  2   0   -1  0   -1  0   -1  0   -1  0   -1  0   -1  0   -1  0   -1  0   -1  0   -1  0   -1  0   
14	9	"Ale"						0  1  0  0  1   55  -1  0   -1  0   -1  0   -1  0   -1  0   -1  0   -1  0   -1  0   -1  0   -1  0   -1  0   -1  0   
14	10	"Town Portal Scroll"				0  1  0  0  1   20  -1  0   -1  0   -1  0   -1  0   -1  0   -1  0   -1  0   -1  0   -1  0   -1  0   -1  0   -1  0   
14	11	"Box of Luck"					0  1  1  0  1   4   -1  0   -1  0   -1  0   -1  0   -1  0   -1  0   -1  0   -1  0   -1  0   -1  0   -1  0   -1  0   
14	12	"Heart"						0  1  0  0  1   29  -1  0   -1  0   -1  0   -1  0   -1  0   -1  0   -1  0   -1  0   -1  0   -1  0   -1  0   -1  0   
14	13	"Jewel of Bless"				3  1  0  0  1   -1  189 0   -1  0   -1  0   -1  0   -1  0   -1  0   -1  0   -1  0   -1  0   -1  0   -1  0   -1  0   
14	14	"Jewel of Soul"					3  1  0  0  1   -1  190 0   -1  0   -1  0   -1  0   -1  0   -1  0   -1  0   -1  0   -1  0   -1  0   -1  0   -1  0   
14	15	"Zen"						0  1  0  0  1   -1  -1  0   -1  0   -1  0   -1  0   -1  0   -1  0   -1  0   -1  0   -1  0   -1  0   -1  0   -1  0   
14	16	"Jewel of Life"					3  1  0  0  1   -1  191 0   -1  0   -1  0   -1  0   -1  0   -1  0   -1  0   -1  0   -1  0   -1  0   -1  0   -1  0   
14	17	"Devil's Eye"					3  1  0  0  1   -1  192 0   -1  0   -1  0   -1  0   -1  0   -1  0   -1  0   -1  0   -1  0   -1  0   -1  0   -1  0   
14	18	"Devil's Key"					3  1  0  0  1   -1  192 0   -1  0   -1  0   -1  0   -1  0   -1  0   -1  0   -1  0   -1  0   -1  0   -1  0   -1  0   
14	19	"Devil Square Invitation"			3  1  0  0  1   -1  193 0   -1  0   -1  0   -1  0   -1  0   -1  0   -1  0   -1  0   -1  0   -1  0   -1  0   -1  0   
14	20	"Love Remedy"					0  1  0  0  1   71  -1  0   -1  0   -1  0   -1  0   -1  0   -1  0   -1  0   -1  0   -1  0   -1  0   -1  0   -1  0   
14	21	"Rena"						3  1  0  0  1   38  -1  0   -1  0   -1  0   -1  0   -1  0   -1  0   -1  0   -1  0   -1  0   -1  0   -1  0   -1  0   
14	22	"Jewel of Creation"				3  1  0  0  1   -1  194 0   -1  0   -1  0   -1  0   -1  0   -1  0   -1  0   -1  0   -1  0   -1  0   -1  0   -1  0   
14	23	"Scroll of the Emperor"				3  1  0  0  1   0   -1  0   -1  0   -1  0   -1  0   -1  0   -1  0   -1  0   -1  0   -1  0   -1  0   -1  0   -1  0   
14	24	"Broken Sword"					3  1  0  0  1   2   -1  0   -1  0   -1  0   -1  0   -1  0   -1  0   -1  0   -1  0   -1  0   -1  0   -1  0   -1  0   
14	25	"Tear of Elf"					3  1  0  0  1   -1  195 0   196 2   197 2   -1  0   -1  0   -1  0   -1  0   -1  0   -1  0   -1  0   -1  0   -1  0   
14	26	"Soul Shard of Wizard"				3  1  0  0  1   -1  195 0   196 2   197 2   -1  0   -1  0   -1  0   -1  0   -1  0   -1  0   -1  0   -1  0   -1  0   
14	28	"Lost Map"					3  1  0  0  1   -1  -1  0   -1  0   -1  0   -1  0   -1  0   -1  0   -1  0   -1  0   -1  0   -1  0   -1  0   -1  0   
14	29	"Symbol of Kundun"				0  1  0  0  1   -1  198 0   200 3   -1  0   -1  0   -1  0   -1  0   -1  0   -1  0   -1  0   -1  0   -1  0   -1  0
14	244	"Jewel of Level"				8  1  2  0  1   -1  -1  0   -1  2   -1  0   -1  0   -1  0   -1  0   -1  0   -1  0   -1  0   -1  0   -1  0   -1  0   
14	245	"Jewel of Skill"				8  1  2  0  1   -1  -1  0   -1  2   -1  0   -1  0   -1  0   -1  0   -1  0   -1  0   -1  0   -1  0   -1  0   -1  0   
14	246	"Jewel of Luck"					8  1  2  0  1   -1  -1  0   -1  2   -1  0   -1  0   -1  0   -1  0   -1  0   -1  0   -1  0   -1  0   -1  0   -1  0   
14	247	"Jewel of Aditional"				8  1  2  0  1   -1  -1  0   -1  2   -1  0   -1  0   -1  0   -1  0   -1  0   -1  0   -1  0   -1  0   -1  0   -1  0   
14	248	"Jewel of Excellent"				8  1  2  0  1   -1  -1  0   -1  2   -1  0   -1  0   -1  0   -1  0   -1  0   -1  0   -1  0   -1  0   -1  0   -1  0   
14	249	"Jewel of Socket"				8  1  2  0  1   -1  -1  0   -1  2   -1  0   -1  0   -1  0   -1  0   -1  0   -1  0   -1  0   -1  0   -1  0   -1  0   
14	250	"Jewel of Ancient 1"				8  1  2  0  1   -1  -1  0   -1  2   -1  0   -1  0   -1  0   -1  0   -1  0   -1  0   -1  0   -1  0   -1  0   -1  0   
14	251	"Jewel of Ancient 2"				8  1  2  0  1   -1  -1  0   -1  2   -1  0   -1  0   -1  0   -1  0   -1  0   -1  0   -1  0   -1  0   -1  0   -1  0   
14	252	"Jewel of Full"					8  1  2  0  1   -1  -1  0   -1  2   -1  0   -1  0   -1  0   -1  0   -1  0   -1  0   -1  0   -1  0   -1  0   -1  0   
15	0	"Scroll of Poison"				0  1  0  0  1   -1  285 0   17  0   18  0   -1  0   -1  0   -1  0   -1  0   -1  0   -1  0   -1  0   -1  0   -1  0   
15	1	"Scroll of Meteorite"				0  1  0  0  1   -1  285 0   17  0   18  0   -1  0   -1  0   -1  0   -1  0   -1  0   -1  0   -1  0   -1  0   -1  0   
15	2	"Scroll of Lighting"				0  1  0  0  1   -1  285 0   17  0   18  0   -1  0   -1  0   -1  0   -1  0   -1  0   -1  0   -1  0   -1  0   -1  0   
15	3	"Scroll of Fire Ball"				0  1  0  0  1   -1  285 0   17  0   18  0   -1  0   -1  0   -1  0   -1  0   -1  0   -1  0   -1  0   -1  0   -1  0   
15	4	"Scroll of Flame"				0  1  0  0  1   -1  285 0   17  0   18  0   -1  0   -1  0   -1  0   -1  0   -1  0   -1  0   -1  0   -1  0   -1  0   
15	5	"Scroll of Teleport"				0  1  0  0  1   -1  17  0   18  0   -1  0   -1  0   -1  0   -1  0   -1  0   -1  0   -1  0   -1  0   -1  0   -1  0   
15	6	"Scroll of Ice"					0  1  0  0  1   -1  285 0   17  0   18  0   -1  0   -1  0   -1  0   -1  0   -1  0   -1  0   -1  0   -1  0   -1  0   
15	7	"Scroll of Twister"				0  1  0  0  1   -1  285 0   17  0   18  0   -1  0   -1  0   -1  0   -1  0   -1  0   -1  0   -1  0   -1  0   -1  0   
15	8	"Scroll of Evil Spirit"				0  1  0  0  1   -1  285 0   17  0   18  0   -1  0   -1  0   -1  0   -1  0   -1  0   -1  0   -1  0   -1  0   -1  0   
15	9	"Scroll of Hellfire"				0  1  0  0  1   -1  285 0   17  0   18  0   -1  0   -1  0   -1  0   -1  0   -1  0   -1  0   -1  0   -1  0   -1  0   
15	10	"Scroll of Power Wave"				0  1  0  0  1   -1  285 0   17  0   18  0   -1  0   -1  0   -1  0   -1  0   -1  0   -1  0   -1  0   -1  0   -1  0   
15	11	"Scroll of Aqua Beam"				0  1  0  0  1   -1  285 0   17  0   18  0   -1  0   -1  0   -1  0   -1  0   -1  0   -1  0   -1  0   -1  0   -1  0   
15	12	"Scroll of Blast"				0  1  0  0  1   -1  285 0   17  0   18  0   -1  0   -1  0   -1  0   -1  0   -1  0   -1  0   -1  0   -1  0   -1  0   
15	13	"Scroll of Inferno"				0  1  0  0  1   -1  285 0   17  0   18  0   -1  0   -1  0   -1  0   -1  0   -1  0   -1  0   -1  0   -1  0   -1  0   
15	14	"Scroll of Teleport Ally"			0  1  0  0  1   -1  17  0   18  0   -1  0   -1  0   -1  0   -1  0   -1  0   -1  0   -1  0   -1  0   -1  0   -1  0   
15	15	"Scroll of Soul Barrier "			0  1  0  0  1   -1  17  0   18  0   -1  0   -1  0   -1  0   -1  0   -1  0   -1  0   -1  0   -1  0   -1  0   -1  0   
15	16	"Scroll of Decay"				0  1  0  0  1   -1  285 0   17  0   18  0   -1  0   -1  0   -1  0   -1  0   -1  0   -1  0   -1  0   -1  0   -1  0   
15	17	"Scroll of Ice Storm"				0  1  0  0  1   -1  285 0   17  0   18  0   -1  0   -1  0   -1  0   -1  0   -1  0   -1  0   -1  0   -1  0   -1  0   
15	18	"Scroll of Nova"				0  1  0  0  1   -1  17  0   18  0   -1  0   -1  0   -1  0   -1  0   -1  0   -1  0   -1  0   -1  0   -1  0   -1  0   
end